{
    "foursegtdcr": [
        [
            1.0,
            0.0,
            0.0,
            0.0,
            0.0,
            1.0,
            0.0,
            0.0,
            0.0,
            0.0,
            1.0,
            0.0,
            0.0,
            0.0,
            0.0,
            1.0
        ],
        [
            0.9876883405951378,
            0.0,
            -0.15643446504023087,
            0.0,
            0.0,
            1.0,
            0.0,
            0.0,
            0.15643446504023087,
            0.0,
            0.9876883405951378,
            0.0,
            0.0014925557853149838,
            0.0,
            0.014925557853149838,
            1.0
        ],
        [
            0.9510565162951536,
            0.0,
            -0.30901699437494745,
            0.0,
            0.0,
            1.0,
            0.0,
            0.0,
            0.30901699437494745,
            0.0,
            0.9510565162951536,
            0.0,
            0.0053016073903429245,
            0.0,
            0.02943387015576568,
            1.0
        ],
        [
            0.8910065241883679,
            0.0,
            -0.4539904997395468,
            0.0,
            0.0,
            1.0,
            0.0,
            0.0,
            0.45399049973954686,
            0.0,
            0.891006524188368,
            0.0,
            0.011333363323050526,
            0.0,
            0.04316769410862916,
            1.0
        ],
        [
            0.8090169943749475,
            0.0,
            -0.5877852522924731,
            0.0,
            0.0,
            1.0,
            0.0,
            0.0,
            0.5877852522924732,
            0.0,
            0.8090169943749476,
            0.0,
            0.01943930173412428,
            0.0,
            0.055788857386072296,
            1.0
        ],
        [
            0.7071067811865476,
            0.0,
            -0.7071067811865476,
            0.0,
            0.0,
            1.0,
            0.0,
            0.0,
            0.7071067811865477,
            0.0,
            0.7071067811865477,
            0.0,
            0.029419827517816334,
            0.0,
            0.06698658506096501,
            1.0
        ],
        [
            0.5877852522924732,
            0.0,
            -0.8090169943749476,
            0.0,
            0.0,
            1.0,
            0.0,
            0.0,
            0.8090169943749477,
            0.0,
            0.5877852522924734,
            0.0,
            0.04102918700586615,
            0.0,
            0.07648515191482395,
            1.0
        ],
        [
            0.4539904997395469,
            0.0,
            -0.891006524188368,
            0.0,
            0.0,
            1.0,
            0.0,
            0.0,
            0.8910065241883681,
            0.0,
            0.453990499739547,
            0.0,
            0.05398151923842279,
            0.0,
            0.08405067170777107,
            1.0
        ],
        [
            0.3090169943749475,
            0.0,
            -0.9510565162951538,
            0.0,
            0.0,
            1.0,
            0.0,
            0.0,
            0.9510565162951539,
            0.0,
            0.3090169943749477,
            0.0,
            0.06795789480959452,
            0.0,
            0.08949685623398335,
            1.0
        ],
        [
            0.1564344650402309,
            0.0,
            -0.987688340595138,
            0.0,
            0.0,
            1.0,
            0.0,
            0.0,
            0.9876883405951381,
            0.0,
            0.15643446504023112,
            0.0,
            0.08261416896788795,
            0.0,
            0.09268960235557526,
            1.0
        ],
        [
            -1.762559552572431e-17,
            0.0,
            -1.0000000000000002,
            0.0,
            0.0,
            1.0,
            0.0,
            0.0,
            1.0000000000000004,
            0.0,
            2.122471778445198e-16,
            0.0,
            0.0975894556021407,
            0.0,
            0.09355029406691634,
            1.0
        ]
    ]
}